	1	2	3	4	5	6	7	8	9	10	11	12	13	14	15	16	17	18	19	20	21	22	23	24	25	26	27	28	29	30	31	32	33	34	35	36	37	38	39	40	41	42	43	44	45	46	47	48	49	50	51	52	53	54
1	0	25	10	17	7	22	161	148	156	130	138	171	182	138	173	115	192	136	124	152	140	110	196	122	154	197	133	127	127	140	163	151	150	191	164	151	197	187	146	199	122	141	126	191	112	117	191	173	182	126	198	139	186	118
2	30	0	6	6	27	37	139	176	146	148	190	162	121	192	135	169	153	104	159	189	188	139	185	158	136	150	127	136	108	147	128	173	128	116	149	120	145	120	181	190	175	190	148	165	114	162	177	182	121	144	113	184	149	118
3	5	31	0	22	7	39	180	156	159	142	144	152	102	194	104	130	175	192	143	137	123	164	129	191	148	134	132	106	128	174	177	140	110	127	158	136	103	163	172	125	122	127	146	118	106	131	194	164	180	159	195	188	184	144
4	31	24	31	0	4	20	129	102	192	198	144	185	151	116	176	112	114	115	121	142	164	179	124	157	186	188	189	171	125	109	118	154	117	192	196	189	106	191	122	196	115	101	131	105	143	187	103	198	129	105	151	142	151	135
5	6	6	16	7	0	16	184	198	173	149	103	156	133	188	178	133	118	151	199	143	187	137	179	192	125	195	112	134	107	141	110	124	170	116	120	115	132	177	159	110	156	190	123	188	139	197	151	119	183	173	136	131	121	139
6	6	6	4	38	8	0	119	127	167	143	189	105	130	178	122	115	109	198	103	119	131	171	143	109	150	162	130	197	117	157	184	151	135	166	170	130	184	125	112	192	145	124	138	101	117	169	187	154	147	172	120	118	134	184
7	140	153	180	167	182	122	0	18	5	27	17	6	184	104	172	171	161	101	113	133	113	102	163	101	162	183	181	155	190	139	104	186	189	163	172	133	102	162	107	104	113	167	132	102	153	150	193	149	109	129	165	177	186	147
8	161	107	110	197	155	112	33	0	7	1	23	22	113	147	172	102	151	116	105	129	124	123	139	165	116	188	145	192	198	149	109	170	148	187	107	137	150	141	183	106	179	118	156	133	107	171	161	109	140	112	177	155	165	183
9	158	139	107	104	108	149	19	14	0	28	3	5	157	125	148	114	147	180	105	172	185	166	153	150	173	143	139	168	166	124	170	147	189	141	173	151	115	123	107	125	169	161	139	124	136	150	130	180	132	150	124	195	159	150
10	137	164	124	140	125	109	39	7	6	0	38	33	112	102	125	174	121	174	142	120	163	116	178	123	118	106	173	173	133	159	180	111	179	155	159	130	175	144	146	172	112	174	106	144	191	192	112	132	106	130	155	193	104	184
11	165	187	156	167	187	159	24	6	12	17	0	20	115	134	182	189	178	195	169	181	167	181	184	166	124	152	135	151	131	109	111	158	129	191	146	165	169	192	190	173	174	181	185	103	148	136	196	158	116	113	117	114	198	134
12	154	126	101	185	101	147	20	27	6	16	6	0	120	121	124	113	167	115	173	128	198	134	179	168	165	145	106	159	129	108	147	130	171	167	187	115	190	101	170	155	124	198	114	199	185	144	159	191	190	134	139	157	125	187
13	111	127	174	143	179	119	137	122	134	171	188	168	0	25	20	7	17	6	26	21	17	1	30	36	29	6	144	131	165	195	101	151	128	112	158	117	172	132	178	111	133	142	111	189	102	179	124	110	181	144	161	156	101	192
14	199	172	186	110	148	124	107	156	175	137	136	177	7	0	21	38	5	7	7	10	3	19	38	1	5	32	107	181	134	174	150	189	185	102	144	109	183	131	193	177	106	182	189	167	183	199	162	154	136	161	177	133	164	171
15	109	141	142	121	192	187	165	151	154	142	191	116	22	22	0	6	29	13	6	33	7	6	7	5	4	7	168	181	144	106	143	114	177	195	128	184	193	101	124	155	161	116	115	121	116	116	151	188	129	133	159	104	177	133
16	166	129	185	148	187	111	145	129	197	186	186	141	6	20	39	0	5	6	6	33	5	6	24	31	6	3	154	163	140	116	194	119	195	105	136	144	140	154	195	194	102	166	130	131	106	164	106	121	154	158	172	118	103	113
17	124	121	154	183	105	194	189	171	165	150	189	184	6	37	32	17	0	5	33	3	6	10	5	6	5	7	123	167	103	150	169	123	109	166	183	114	131	111	108	148	189	113	194	129	198	175	178	108	195	164	135	124	109	144
18	127	162	127	186	121	175	151	178	158	147	154	137	4	12	6	19	11	0	25	4	6	7	5	27	17	11	168	125	138	121	137	148	144	164	156	134	117	153	117	145	145	175	127	166	111	165	111	156	197	154	168	142	170	154
19	102	197	129	155	129	132	175	118	171	177	114	114	19	31	32	5	37	17	0	7	7	19	7	6	5	28	108	122	118	103	148	182	116	104	159	122	162	197	152	112	102	180	153	160	137	135	139	117	141	129	174	199	194	155
20	104	102	138	156	186	164	119	168	109	118	146	152	18	30	31	2	1	9	26	0	7	7	15	7	34	14	138	119	180	106	101	135	185	148	125	148	138	159	166	149	191	142	121	113	142	126	175	177	164	175	114	199	194	169
21	132	175	166	145	169	193	168	152	141	120	187	135	6	6	23	6	15	6	39	38	0	5	6	7	9	6	197	109	196	153	197	150	146	169	111	178	170	113	195	167	141	162	197	153	190	156	197	185	101	129	118	106	174	194
22	135	133	188	195	194	151	176	191	115	169	138	142	6	7	5	18	21	5	24	7	25	0	2	1	5	2	173	128	108	163	115	103	195	105	178	150	157	180	114	153	120	116	147	144	124	110	157	118	161	114	120	191	120	192
23	125	199	140	123	196	142	188	114	169	156	137	161	8	28	38	7	5	16	1	2	9	3	0	7	5	6	131	112	146	174	183	171	126	111	154	151	179	179	161	178	102	127	158	123	168	145	146	101	165	141	108	189	158	133
24	144	164	101	103	121	101	198	187	162	186	141	168	19	28	7	7	9	5	6	34	27	7	29	0	5	17	157	133	155	181	196	158	110	119	110	184	151	104	155	193	198	154	181	175	115	137	153	138	127	158	158	158	162	173
25	167	151	131	162	118	121	195	126	198	192	120	101	7	13	35	24	7	7	19	38	7	5	27	10	0	2	118	139	197	120	123	127	188	135	187	192	136	130	131	169	137	151	160	122	197	190	160	147	197	132	190	110	111	185
26	111	119	114	160	187	188	121	125	149	104	190	147	22	5	7	28	24	7	35	6	7	7	31	15	6	0	148	171	180	132	108	184	175	103	129	154	118	111	169	161	177	140	148	101	101	122	185	110	108	199	180	129	116	172
27	167	119	115	101	197	157	148	112	119	101	175	161	145	164	194	126	160	125	116	110	107	149	160	186	155	141	0	30	6	14	152	168	199	139	105	147	183	156	165	163	159	138	137	102	111	124	171	149	180	110	135	186	129	125
28	104	106	145	142	126	147	185	132	166	187	163	182	167	155	128	102	164	163	191	162	137	159	111	119	142	164	32	0	7	5	141	191	147	194	152	179	156	133	141	198	121	161	152	131	110	167	197	183	175	152	112	152	162	173
29	128	111	115	102	102	167	189	118	197	123	192	164	120	111	170	135	121	115	115	137	194	166	183	115	199	169	14	39	0	4	186	147	117	161	138	153	194	114	125	150	134	111	153	190	159	137	104	136	131	124	120	175	181	121
30	147	157	110	101	108	155	182	181	120	188	191	194	190	183	138	191	120	158	144	132	183	131	173	116	188	176	34	7	30	0	124	132	153	191	199	124	124	185	148	182	161	115	107	181	143	168	126	118	128	173	192	164	190	174
31	136	156	191	133	115	164	112	104	145	177	121	126	171	104	114	116	132	126	159	199	130	162	122	172	185	124	152	105	103	117	0	6	8	7	35	5	5	7	5	7	17	6	35	18	23	5	4	5	7	34	29	17	5	13
32	103	174	111	195	146	150	123	119	139	179	111	139	138	120	180	138	162	118	172	179	199	148	144	136	124	171	113	138	146	151	5	0	33	7	13	7	5	39	6	31	18	34	12	36	29	37	20	22	6	37	7	6	16	14
33	182	142	121	139	198	195	148	184	186	185	111	193	143	134	154	117	158	174	147	152	153	199	154	190	186	177	192	148	180	170	7	7	0	15	23	7	5	32	14	6	7	39	23	7	5	26	3	2	33	6	30	6	5	5
34	153	194	140	179	142	123	131	111	177	151	197	109	193	114	129	149	194	187	132	182	107	191	170	141	137	188	116	153	141	188	5	34	5	0	13	37	26	7	7	7	4	19	5	29	6	7	6	31	29	5	36	5	5	6
35	192	173	156	178	125	170	164	107	107	150	171	184	172	195	176	101	143	185	147	145	127	167	199	145	185	123	110	132	116	170	21	9	10	6	0	12	17	23	6	6	7	5	7	7	4	26	7	13	7	5	7	29	35	37
36	161	151	115	178	193	161	101	145	122	164	102	183	155	179	128	194	171	106	192	181	189	133	150	131	136	160	104	129	116	167	5	30	31	6	34	0	6	5	27	5	29	7	28	5	2	7	27	5	3	7	8	32	35	39
37	143	173	198	123	125	194	185	181	104	185	132	174	104	111	132	110	144	121	168	121	190	149	167	178	114	169	188	108	121	142	13	6	18	28	7	7	0	32	13	15	6	35	25	7	37	7	38	19	2	36	34	17	35	23
38	150	198	110	173	120	143	138	110	109	171	172	148	192	136	161	155	103	158	146	141	153	194	184	139	199	198	101	121	182	199	9	8	2	11	22	5	37	0	5	5	7	15	6	8	36	6	31	5	6	16	9	7	7	37
39	182	193	139	190	115	160	106	194	150	199	179	115	131	129	165	182	125	170	101	117	138	121	166	129	175	132	158	151	171	130	11	32	5	25	3	31	6	33	0	38	31	7	3	25	20	11	5	32	13	5	6	23	6	7
40	108	173	104	135	133	166	188	179	122	128	185	132	132	172	137	119	134	193	140	153	112	198	144	128	130	192	103	136	134	118	6	30	11	30	5	6	34	5	5	0	5	7	7	39	6	5	1	5	7	16	11	6	5	6
41	171	114	158	160	135	193	169	181	109	185	105	184	166	166	105	137	198	114	159	167	193	165	164	131	175	112	183	170	196	173	9	26	6	5	39	7	39	7	27	6	0	5	6	30	6	5	2	28	8	6	7	13	13	7
42	155	151	104	125	172	175	139	185	106	146	137	128	184	176	137	143	141	147	184	158	136	164	110	138	146	164	101	120	107	145	5	6	3	6	6	7	13	20	34	5	5	0	21	26	7	6	7	6	7	7	13	5	5	6
43	105	163	182	140	143	110	151	157	134	128	115	143	112	170	108	167	119	108	148	116	179	144	189	191	152	108	140	184	120	111	17	36	9	6	6	5	5	34	5	20	5	7	0	13	37	7	18	35	7	19	5	33	32	6
44	168	114	193	112	191	154	109	136	169	104	140	197	122	139	173	154	162	108	199	139	127	135	146	105	187	173	167	126	196	109	5	28	7	38	5	6	5	5	16	7	36	7	22	0	7	7	6	7	7	6	5	17	5	18
45	126	106	143	120	152	195	158	183	157	177	181	116	169	122	141	199	169	179	176	127	154	143	187	142	145	138	136	151	190	169	6	5	37	3	3	7	7	7	7	19	38	5	7	19	0	10	14	6	7	35	6	17	5	3
46	189	115	179	180	184	135	122	129	199	151	141	127	135	150	116	156	116	160	118	147	115	186	152	169	183	105	180	178	185	148	7	5	7	5	5	24	5	7	14	21	16	7	38	33	17	0	5	11	7	20	1	23	24	2
47	180	158	197	114	132	166	156	122	110	136	130	156	181	124	147	184	101	110	183	116	193	103	146	165	172	165	151	154	159	143	24	18	5	7	35	35	6	36	5	5	28	5	5	8	7	31	0	16	18	7	15	22	6	2
48	130	143	144	152	194	106	134	132	115	190	136	196	126	176	189	169	103	121	136	192	157	133	175	133	144	173	153	191	144	146	7	5	38	7	4	7	26	7	12	10	5	37	5	8	25	2	39	0	17	12	21	7	5	26
49	174	154	156	194	107	150	174	180	193	102	193	153	146	154	199	108	192	187	135	110	195	111	103	191	197	148	116	128	145	149	6	8	6	7	7	18	38	6	30	35	17	28	5	16	5	7	5	5	0	5	7	25	19	29
50	189	132	164	194	106	135	197	132	111	126	157	195	181	102	171	104	124	108	191	160	132	144	108	171	108	172	138	108	180	114	5	39	7	5	27	16	22	20	22	7	13	5	5	39	29	7	4	7	3	0	5	6	36	6
51	151	194	174	173	152	139	179	159	133	107	110	126	170	115	163	149	133	133	111	189	161	171	126	114	151	175	178	102	170	195	5	5	6	7	18	24	5	37	5	5	7	14	13	6	6	25	7	5	36	11	0	36	5	28
52	199	199	103	180	102	119	177	109	191	160	195	131	120	132	125	118	180	176	196	159	112	185	148	132	133	126	197	189	105	162	7	5	8	31	27	24	37	10	5	6	7	17	7	6	6	5	5	13	5	23	7	0	13	15
53	109	187	124	159	196	109	165	123	106	113	192	151	151	156	174	128	197	170	183	196	124	133	140	152	196	113	121	162	166	119	3	18	37	5	18	5	6	24	29	2	39	28	7	5	6	6	6	2	9	5	5	29	0	4
54	135	128	179	143	130	117	184	121	164	152	175	169	182	146	108	107	101	185	162	196	161	190	122	107	166	158	186	160	176	174	33	31	6	7	35	30	5	6	20	23	22	27	18	31	19	26	6	29	7	12	6	5	11	0
